<?xml version="1.0"?>
<opencv_storage>
<Relations>
  <CameraRelation1>
    <Designator>1</Designator>
    <RotationTo type_id="opencv-matrix">
      <rows>3</rows>
      <cols>3</cols>
      <dt>d</dt>
      <data>
        9.9975377511818553e-01 2.2189657686685509e-02
        -9.0712095543234519e-05 -2.2189623856937110e-02
        9.9975371576983463e-01 3.5832596398499431e-04
        9.8640885065694986e-05 -3.5622486793748234e-04
        9.9999993168690726e-01</data></RotationTo>
    <TranslationTo type_id="opencv-matrix">
      <rows>3</rows>
      <cols>1</cols>
      <dt>d</dt>
      <data>
        -6.5186257648212891e+00 2.5601939678480159e+00
        7.9282218498860704e-03</data></TranslationTo>
    <FundamentalMatTo type_id="opencv-matrix">
      <rows>3</rows>
      <cols>3</cols>
      <dt>d</dt>
      <data>
        -2.0368595512645296e-01 4.2015946106267519e+00
        -1.2170797705315408e+03 -4.0737150839068583e+00
        1.0202608568625793e+00 -3.0988649992485703e+03
        1.1480188675170684e+03 3.1251089664135511e+03 1.</data></FundamentalMatTo>
    <EssentialMatTo type_id="opencv-matrix">
      <rows>3</rows>
      <cols>3</cols>
      <dt>d</dt>
      <data>
        4.2846405963170380e-04 -8.8382740119621900e-03
        2.5601909520655108e+00 8.5692727392520981e-03
        -2.1461720732942613e-03 6.5186246003281854e+00
        -2.4149177306053371e+00 -6.5738301578511278e+00
        -2.1035523012163672e-03</data></EssentialMatTo></CameraRelation1></Relations>
<Settings>
  <intrinsicParam type_id="opencv-matrix">
    <rows>3</rows>
    <cols>3</cols>
    <dt>d</dt>
    <data>
      5.9948933790622243e+02 0. 3.2477313365493887e+02 0.
      5.9767954166757238e+02 2.4405040284078487e+02 0. 0. 1.</data></intrinsicParam>
  <distCoeffs type_id="opencv-matrix">
    <rows>5</rows>
    <cols>1</cols>
    <dt>d</dt>
    <data>
      1.7733541351167956e-01 -3.3564827641956545e+00
      8.6024435091574675e-03 5.7170889651159450e-03
      2.3851171017974284e+01</data></distCoeffs>
  <rotationMat type_id="opencv-matrix">
    <rows>3</rows>
    <cols>3</cols>
    <dt>d</dt>
    <data>
      -2.6454088024140964e-02 9.9802969259746610e-01
      -5.6893882980670815e-02 -9.9961074590295951e-01
      -2.6914726461850093e-02 -7.3453505575110795e-03
      -8.8621612567106704e-03 5.6677422253407481e-02
      9.9835320999362187e-01</data></rotationMat>
  <translationVecs>
    2.1581595153488879e+00 4.9351022771278508e+01 3.5645397016670267e+02</translationVecs></Settings>
</opencv_storage>
